Score in ans: 701064598
1628
2 275 5100 
2 5828 582 
2 1992 7340 
4 735 149 5178 1598 
2 3993 9521 
2 3454 3169 
2 6647 872 
4 2389 1507 9450 9192 
3 101 842 3125 
4 2226 9135 9523 6623 
2 1728 156 
4 6206 9852 1332 1952 
3 7556 9179 7163 
2 8556 1789 
2 803 7682 
2 5107 7561 
3 8870 8141 8068 
4 4961 5982 7648 7583 
2 6257 2583 
4 5101 8004 7369 6495 
3 9944 4335 1688 
4 6703 6942 5461 6873 
2 6480 7069 
3 3929 1801 3445 
4 3749 3906 6351 7149 
2 7075 230 
2 9929 1915 
3 1590 2669 7697 
2 9126 6545 
2 9146 3810 
4 8043 3991 4720 7751 
3 3174 2892 5951 
3 608 8986 7357 
2 376 7307 
4 4659 70 9600 6197 
4 8895 7756 6638 1998 
4 8715 7386 9238 7534 
3 8776 1716 4163 
4 7594 2811 7752 5584 
2 6848 3416 
3 5895 1321 554 
4 1430 8204 3167 1542 
2 3859 633 
3 8210 3822 6809 
4 2055 5610 7499 8487 
3 2281 8166 8129 
3 4801 9198 1409 
4 7911 385 4532 7385 
2 1969 3799 
2 3267 9327 
3 4301 2881 6887 
2 8975 184 
2 7000 6222 
2 4305 9301 
3 3875 393 3021 
2 9638 9336 
3 9524 7826 868 
4 970 9407 1833 2590 
2 4453 4893 
4 1936 9629 3293 6300 
4 4717 915 4557 1923 
3 4635 2193 5752 
2 2676 2715 
3 1959 1519 7554 
2 2508 173 
2 1831 9380 
3 1192 3506 6452 
4 6938 4671 2129 5544 
2 4220 8725 
4 6264 8954 947 313 
4 4016 8568 7512 4248 
3 4537 906 3300 
2 2373 2498 
2 9059 8000 
4 9354 5363 4036 8911 
3 304 7546 2621 
4 8466 1445 3375 7603 
2 5350 4972 
4 6444 3367 8081 4527 
2 4952 6902 
2 6841 3620 
2 8441 6539 
2 8347 5410 
3 934 9013 8165 
4 2198 2191 9978 8413 
2 3469 7139 
2 5508 8770 
2 7138 7030 
2 9297 2385 
2 7042 9833 
3 8853 6323 6398 
2 703 2451 
2 3719 6923 
2 2873 1329 
3 343 2741 2601 
2 9636 2086 
3 9892 9337 6210 
2 6519 4770 
3 4981 219 1836 
4 5644 9043 1282 1471 
4 4727 8923 5476 1364 
4 1821 8651 8363 3834 
3 2533 3933 860 
4 451 8123 4607 7770 
3 4394 1869 6697 
3 6664 7622 143 
2 4009 9101 
3 5800 5672 4312 
2 7033 2425 
3 6315 5505 5387 
4 4863 3987 8603 8197 
2 9972 3990 
4 1464 9879 6741 8198 
2 1513 2657 
2 4821 3413 
2 8875 1818 
3 2750 5246 8382 
4 3678 7543 6252 2558 
3 516 8729 5026 
4 5602 8250 4058 5042 
2 6454 8231 
3 1678 640 4246 
3 6959 2608 7713 
4 4233 6702 2115 8284 
2 8334 2153 
4 9799 5633 1467 1021 
4 3840 8659 887 2228 
2 7068 682 
2 7667 811 
3 5599 1292 3424 
4 791 2535 8003 7643 
3 9927 4562 3878 
2 1732 7507 
2 9218 2520 
4 4055 1487 4990 8653 
4 9256 7136 2870 7551 
4 3966 1179 8425 7384 
3 3212 6463 1381 
3 7991 6725 9227 
3 9230 3610 6770 
3 9659 5181 8815 
4 6490 6451 7382 2705 
3 7969 3721 7223 
3 157 6064 144 
3 7490 858 3903 
4 7725 1049 5163 4690 
2 1804 866 
4 2707 145 9241 5197 
4 3322 1837 1411 4989 
3 982 6121 6352 
4 358 1632 210 7993 
4 1996 8115 8625 6534 
3 4910 5140 1904 
2 6859 9698 
4 8524 9880 8132 2309 
3 6565 13 5125 
2 4876 5262 
3 4249 6046 1043 
2 4323 5413 
2 54 6509 
4 1877 3892 8964 5203 
2 8758 3082 
2 8546 7222 
2 2298 3635 
4 4925 7359 9866 8338 
2 5906 4899 
3 5373 7206 7236 
4 9161 5916 7768 8876 
4 4405 3463 9818 8639 
2 5838 2662 
4 8608 5219 5494 7516 
3 8539 725 8177 
3 5398 4468 7491 
3 241 472 9862 
3 9232 1376 4553 
3 6612 6302 3318 
2 1323 509 
4 1174 5174 8442 9471 
4 1975 3672 7026 7579 
3 6497 1951 6590 
2 6853 9787 
4 5652 8616 9559 8322 
4 8845 678 7219 5832 
2 1188 8686 
4 9210 4766 512 3203 
3 7397 9413 8822 
3 249 8740 9603 
3 6701 2563 3712 
4 6404 398 7529 6823 
2 1917 3023 
4 4026 648 8746 1129 
4 9690 1160 1976 2364 
4 206 1620 642 7542 
2 9264 8117 
4 3473 9320 3120 2939 
2 4236 6643 
3 2022 4833 7640 
4 7105 2190 7990 4363 
4 6410 6856 4043 8658 
2 5483 6559 
2 4283 3286 
3 6630 8456 3883 
2 6592 6195 
4 2874 7074 9429 1735 
3 4291 4267 7362 
2 1679 2384 
3 7758 4598 2841 
3 4693 9590 3076 
3 5966 378 4918 
3 402 2303 9114 
3 7127 5812 4546 
3 5958 691 8633 
4 8397 4874 7939 936 
3 8903 152 4992 
4 5733 3062 3 9907 
2 4260 2747 
2 2808 908 
2 3227 8728 
4 7595 2459 2968 132 
2 8034 27 
3 2207 413 1807 
2 5382 9498 
3 4095 5134 2464 
4 4814 9741 7692 2937 
2 901 5470 
4 7914 5166 611 7419 
2 4577 7098 
3 2163 8934 8534 
3 6739 7815 827 
4 3689 2008 8626 2642 
3 2582 2297 3698 
2 7086 5696 
2 1135 831 
4 5563 3544 5336 2367 
3 6746 6148 4358 
4 6248 1648 9602 3104 
3 7960 8256 9957 
2 8011 7045 
3 8321 2435 7333 
4 3540 9464 7618 2020 
2 8961 3717 
2 2769 8311 
2 7639 8405 
4 3932 7218 9276 4187 
2 7017 7847 
3 7694 8398 5666 
4 5056 5474 2007 7432 
3 6245 1618 7559 
2 3716 8061 
3 2235 1031 1549 
3 955 2685 6818 
3 9502 9575 4193 
4 900 708 6184 3677 
4 8044 3557 559 96 
4 4617 5325 3857 4044 
3 7094 1347 5482 
2 5480 8473 
3 893 2549 9458 
2 8780 4860 
3 4197 9844 6744 
2 7669 9999 
3 3789 2595 7632 
4 2728 4240 9514 8851 
2 409 1705 
2 2541 1133 
4 6015 433 1382 5173 
4 8465 3357 4150 3593 
3 1755 4688 6569 
4 9539 9528 532 4638 
3 2632 8435 5443 
4 898 8673 7884 9092 
3 6137 5191 2837 
4 3828 6752 6914 7870 
2 1501 4966 
2 7077 1496 
3 8340 2432 5199 
3 6604 3355 6812 
2 2996 312 
3 1208 4196 2050 
2 341 3803 
3 1649 9678 5066 
4 9111 522 4352 3889 
2 4588 9357 
3 9215 2824 4221 
3 9314 8941 9423 
4 1704 45 534 7617 
4 818 9552 594 9129 
3 6563 6993 3951 
3 5676 8137 541 
3 6824 499 4914 
3 5481 1638 6023 
3 613 726 5863 
4 7489 1883 4293 2160 
3 1615 3407 610 
3 6035 4564 7418 
4 5785 8861 2221 7151 
3 7132 9699 2304 
4 6680 6648 3129 5235 
3 2730 5370 5598 
2 2827 6607 
3 1983 6051 1840 
3 1036 2746 756 
3 4986 2318 4789 
2 7408 6242 
2 258 8410 
3 3364 1694 3012 
4 2096 1287 8058 5616 
4 9068 3244 5522 9222 
2 3385 5356 
2 903 5008 
2 2974 9436 
3 9157 4078 2442 
4 8161 3561 8431 1344 
2 194 1415 
4 5860 9714 9368 1827 
3 2358 6899 7642 
3 8773 9692 8753 
2 148 4978 
3 9744 9225 4518 
4 4725 3134 9695 7759 
2 8344 5227 
3 9858 9958 6600 
3 6962 2326 2242 
3 123 7634 3312 
3 1611 9882 5771 
2 8726 2035 
4 5277 6659 909 3075 
3 8206 2101 4298 
3 240 9935 4399 
3 8103 2356 5804 
4 6155 4640 8133 2887 
4 3626 8775 5886 4574 
4 5503 289 7278 407 
2 1275 668 
2 987 7793 
4 5061 3730 7823 9507 
2 1074 935 
4 5657 2381 9734 622 
4 8527 7013 7406 8134 
3 8806 8756 3761 
4 9719 1819 172 6419 
2 7741 6308 
2 388 9102 
4 3775 8200 631 5909 
4 4644 2499 4131 62 
2 3819 5073 
4 8143 5763 3924 3412 
4 666 7259 7936 1385 
4 4551 9119 1508 8242 
2 6792 4252 
4 2848 5551 8824 1529 
2 1984 9686 
3 487 6311 9716 
4 6273 4200 844 5574 
3 4217 550 6068 
2 3788 5406 
3 89 4628 1646 
3 7176 9486 968 
3 2144 6357 6126 
4 9299 4865 5531 4206 
2 3690 1634 
4 5526 9267 8287 7101 
3 8808 2057 675 
4 1062 9721 562 2437 
4 5835 1763 333 5600 
4 8849 9795 1081 976 
4 9930 3248 750 5236 
3 2903 9595 1181 
4 6038 1433 2759 2308 
4 9984 1340 3001 8874 
3 4479 3580 6405 
4 6188 4367 6144 263 
3 5122 7134 3584 
4 9235 384 683 6957 
4 9576 7950 82 281 
4 4490 5845 4167 8138 
4 8537 5341 5371 2106 
2 1283 2271 
3 2480 2564 7065 
4 2089 3692 2649 4926 
4 4550 6526 65 1673 
2 5538 468 
4 9307 9965 7032 3295 
3 1084 5986 4069 
3 153 6915 2164 
4 3830 7972 188 6389 
2 6199 4976 
4 4774 4960 5710 6296 
2 1226 7730 
2 794 3827 
3 7693 5041 9105 
3 7197 9680 9770 
2 3705 2645 
3 1209 6814 7948 
2 1612 7985 
3 1032 5719 131 
2 795 5938 
3 6328 9709 9995 
3 8567 2105 990 
3 5641 6529 3439 
2 9822 4224 
3 1276 7510 1778 
3 3396 1502 3316 
2 698 7782 
3 4308 2402 5903 
3 1986 9398 6920 
4 5649 174 1429 5035 
3 8438 502 7395 
4 3942 9295 336 727 
2 4427 6551 
3 558 5254 2289 
3 23 8201 6244 
2 972 746 
3 193 2799 8314 
2 7483 4063 
2 6983 2386 
4 480 4650 8418 3137 
2 227 3247 
3 2463 1221 2835 
4 5622 4498 2305 2213 
3 7835 1137 2334 
4 4509 4402 7305 4657 
3 316 5658 5514 
2 4793 6098 
4 1734 6176 4561 5653 
2 6516 1777 
3 7889 6494 5346 
2 2206 4890 
2 1401 533 
4 3566 8641 110 1677 
2 5783 1753 
4 103 6747 1681 4259 
3 9194 6258 6132 
3 1296 5751 8642 
2 3866 7820 
3 6304 2143 9859 
2 9421 8135 
3 4605 8440 8950 
2 3474 8879 
3 4613 8638 7216 
4 7153 8348 3112 4696 
2 9372 5343 
3 3927 6227 6414 
4 4582 3223 5462 2749 
2 1553 2483 
3 3262 7275 3862 
2 5640 6393 
2 9742 3389 
2 5820 2431 
4 8990 5803 730 1311 
3 2137 7666 1453 
3 5612 9885 4428 
4 6913 214 1889 1202 
4 4706 4859 4439 7610 
2 4843 3205 
3 4226 4842 3006 
3 2911 6851 1118 
2 7864 833 
3 133 5613 2199 
3 4156 9754 6520 
4 2877 9359 1747 2872 
3 5313 9002 8994 
2 9270 526 
4 6735 2932 962 8854 
3 8930 9022 2422 
4 1483 3028 6012 6231 
4 8837 5592 2196 992 
4 2398 7586 3127 2337 
3 579 4747 2296 
4 8701 8286 5244 9123 
4 1642 7978 137 884 
4 8346 9197 5149 7536 
4 4474 7130 1159 6342 
3 6097 168 4783 
4 4604 1589 3136 4997 
4 7290 4957 876 1353 
3 5422 1371 4595 
2 7092 7399 
4 5873 7920 2043 8779 
4 9426 687 3673 773 
3 1161 3581 1504 
4 2167 9768 5730 9086 
3 9065 6636 9029 
2 8511 7882 
2 5573 2201 
4 6426 2994 9271 1040 
3 3311 9047 8454 
3 3743 9564 3911 
3 9830 185 2205 
3 7289 6629 5294 
3 6517 4144 740 
3 356 1781 4791 
2 9644 5844 
4 3654 7003 5389 1922 
2 4062 4174 
3 3657 673 7812 
2 3386 662 
4 7659 4703 6243 9459 
2 3534 4923 
3 417 4325 7085 
4 3882 198 8434 3983 
4 9 1418 2023 8187 
2 6998 6237 
4 8977 2278 4066 5362 
3 9094 2661 615 
3 7959 4839 9009 
2 5504 2812 
4 2081 8898 3428 8711 
2 3879 7588 
4 4702 3114 7135 7814 
2 9400 1725 
2 1196 8493 
3 7602 2047 3513 
3 7123 2529 3798 
2 5466 1374 
3 9367 1138 2689 
3 2805 9941 1284 
4 2985 9569 5540 1253 
4 6367 6981 9769 3214 
3 8316 8618 7788 
3 1661 1184 862 
3 4173 5882 7407 
3 5064 2068 8734 
2 9910 4262 
2 6682 6428 
2 424 5617 
4 912 8671 4442 5330 
2 9148 9773 
3 7553 1783 7744 
2 5885 8491 
4 3519 4134 5366 654 
3 3085 819 8771 
3 3115 1563 6087 
2 1191 9044 
2 4810 4435 
4 2091 56 3002 117 
4 8612 7088 9128 7231 
3 2949 7877 5536 
4 6297 7981 6363 4663 
2 1316 3340 
3 8716 930 288 
3 802 4777 9137 
3 8309 4714 8987 
3 2149 8222 840 
3 9085 2793 8573 
3 3887 3806 5024 
4 6724 2428 8938 4215 
3 7631 1080 6448 
2 4032 5167 
2 6391 3156 
3 5175 4982 431 
3 3504 2604 1586 
4 5556 5240 2400 300 
3 456 6332 8263 
2 729 6614 
4 9986 4808 44 4940 
3 9551 8212 293 
3 3930 8643 8576 
4 7212 6384 5758 1509 
4 1106 6719 3020 2765 
2 4651 984 
3 1939 8336 439 
3 4164 7309 1699 
4 8199 9748 87 9550 
4 3641 3553 6585 404 
3 8022 3621 2307 
3 6261 896 2220 
4 8811 3791 9545 8477 
4 6477 9853 1568 8839 
3 9860 3521 1971 
2 1749 256 
2 9717 8164 
4 8259 8470 5665 9365 
4 5559 1393 6857 7683 
3 1627 3131 2390 
3 4678 2444 6417 
2 6500 741 
2 9571 6141 
4 2718 6350 3655 6715 
3 4355 2184 4694 
3 5200 8326 9475 
3 1669 8393 6095 
2 4520 5342 
3 3651 9519 3347 
2 2110 9457 
2 9604 2579 
4 2260 8238 8032 8692 
2 4214 195 
4 7008 9366 3485 3496 
3 8067 7902 5192 
4 253 9490 9121 4511 
3 3807 5718 6373 
3 3972 6479 7457 
3 2239 845 616 
2 2546 9189 
4 2575 2828 2962 3368 
3 8498 4176 7957 
4 3339 5901 2127 8176 
3 3555 2072 2232 
2 268 9162 
2 412 1775 
4 7255 3511 2555 2486 
2 482 478 
3 31 514 1426 
3 9332 8037 4811 
2 7578 3476 
2 1119 2878 
4 5295 7494 4112 5048 
4 3647 9305 9894 3047 
4 6421 5086 4506 3582 
4 4244 7447 6994 7673 
2 7261 1667 
4 2036 8915 7851 7330 
4 7922 3648 6107 6989 
4 7286 4627 3531 7238 
3 3509 7314 5146 
4 8148 4848 1737 9487 
3 1479 3017 8842 
3 1985 2417 9655 
3 3590 8093 4858 
2 2709 3611 
3 6409 2152 9100 
2 1235 5848 
4 3309 1071 714 1146 
3 3004 3233 6890 
3 4558 7963 7329 
3 6301 4538 2333 
3 16 1774 6130 
4 4375 8299 9038 396 
4 5954 6036 6849 7530 
3 8696 5850 3141 
4 2538 8153 5724 1930 
2 6187 8877 
4 3656 4637 2274 8777 
4 8650 919 2120 170 
3 9488 6270 5731 
2 5361 9159 
2 9577 4048 
4 7346 5869 234 3297 
4 5530 5205 8019 4656 
2 6772 4525 
3 3235 6229 8215 
4 58 5172 2795 1812 
2 1695 7187 
4 1116 8423 9637 7740 
2 1307 5907 
2 9024 2980 
3 2570 8388 1516 
3 6524 9679 1892 
2 6862 4691 
3 6766 9624 3615 
2 303 7856 
2 9411 1770 
3 7580 6125 4894 
4 6778 6649 9583 6340 
3 1650 9333 5959 
2 8379 4621 
4 6052 8617 9599 5446 
2 1046 9807 
3 8663 9274 1220 
2 3059 9736 
3 3261 1270 68 
4 923 4668 1526 5250 
2 3108 959 
4 5970 8183 17 2112 
4 6192 513 6742 2162 
4 3564 4949 1587 8035 
4 6645 197 283 836 
3 2786 3681 4387 
3 6698 2596 949 
4 3272 6756 2070 7198 
3 1653 1201 2234 
3 218 3783 5182 
2 7523 5472 
4 9966 1934 9433 321 
4 2941 7629 3106 3451 
4 1450 7757 3844 403 
3 9870 5424 3536 
4 6280 4116 5856 9573 
4 4412 4340 5865 3617 
4 7439 3745 9722 9511 
3 1172 894 7388 
3 1250 2560 6595 
2 2039 3685 
4 7466 1231 6605 1336 
3 3664 6922 7237 
4 3443 2300 5131 3913 
4 7522 5729 6359 2922 
3 7672 9660 669 
3 4094 8981 6189 
2 4211 3784 
4 4076 3845 3308 9154 
3 7903 8793 1271 
4 3870 9580 164 760 
4 1199 4410 6157 9220 
3 6620 5329 8080 
3 7995 9891 9538 
2 2310 3154 
3 30 7177 7805 
2 4980 7367 
3 4882 163 1935 
4 4320 2481 7945 7208 
4 2687 4631 2117 9247 
4 1210 9263 6677 6381 
4 8387 1492 4473 2686 
2 1099 4906 
4 5515 2843 3273 4318 
2 2825 7627 
4 8863 3674 3517 297 
2 9011 437 
4 4179 7699 9962 2009 
2 5539 3546 
3 4549 20 6175 
4 9959 864 948 5001 
4 2647 2600 2516 4977 
4 8745 5209 8767 774 
2 7071 2961 
3 9329 6387 9617 
3 4599 4932 9534 
4 5489 6110 3022 1888 
3 6560 3411 2554 
4 839 9732 7700 5156 
3 7024 2466 6803 
3 6232 221 9993 
2 9031 4098 
3 8472 3587 651 
2 4675 8985 
2 1868 3949 
4 3792 8101 71 766 
2 7322 8602 
3 500 5040 3344 
3 4529 1958 6307 
4 3362 6111 2879 3055 
4 2716 4883 3750 6010 
3 8298 7460 6223 
4 5683 1383 4222 9341 
2 5377 4297 
4 9091 3153 1512 3527 
3 5872 3105 5082 
4 9072 8632 2148 1044 
3 9606 3818 8486 
2 9825 8118 
3 4099 8097 9887 
3 5586 226 6953 
4 211 5548 6956 5375 
4 5518 9374 9942 2862 
2 3794 5643 
2 8086 958 
2 4356 2427 
4 1214 3484 8119 453 
3 4046 6822 57 
2 6290 180 
3 6510 7665 8108 
2 2026 224 
3 2990 1700 3744 
4 924 7861 8956 3802 
3 2002 5897 325 
3 1978 9759 160 
2 5409 200 
2 4175 8002 
4 9784 9124 8529 5891 
2 7822 360 
4 926 6733 1765 688 
3 3570 7371 1979 
2 9055 630 
3 1665 8411 1606 
4 2323 4284 5864 4477 
2 7022 8850 
4 5513 1475 5947 5457 
3 828 7190 8572 
4 1351 9746 1845 954 
4 9016 9062 9594 7296 
4 9987 0 1751 8196 
2 3201 8862 
2 1824 4851 
4 5231 5121 7549 7704 
4 1750 9703 6160 8517 
2 8461 6434 
3 4311 4172 4489 
2 6185 4209 
3 3381 9134 1110 
4 7168 7525 8991 9813 
4 4792 9414 5920 3031 
3 7906 305 5059 
2 4425 4107 
4 9252 9747 717 4516 
2 5983 1177 
2 8757 8109 
3 4880 8593 1416 
2 1087 4132 
2 6128 8224 
4 7567 6738 5705 5488 
2 6158 8791 
3 4646 3947 6213 
4 5211 4695 2964 5383 
4 3781 5777 4185 1085 
2 1897 1554 
4 2544 7316 1787 9572 
2 1111 7753 
2 5265 3466 
2 5957 69 
3 511 2668 1194 
2 4591 5632 
3 6291 6118 5237 
4 8803 9974 6415 4374 
2 3854 3591 
2 2673 5926 
2 9977 7832 
3 9008 1331 7664 
3 7881 9083 889 
4 5849 877 1476 1484 
4 6326 307 7888 2254 
2 1029 4632 
2 7915 7789 
2 4732 209 
2 1625 8561 
4 7819 5052 6476 1388 
2 179 7547 
2 5533 2602 
4 7356 1562 7175 6553 
2 7890 9311 
4 5823 1876 6370 4946 
4 7412 8607 142 178 
2 7416 2556 
3 9647 1685 8886 
2 7441 186 
4 4771 9183 9752 9726 
3 1843 34 6506 
2 573 4581 
4 1136 171 8186 2817 
3 1867 2722 9003 
3 1277 6513 6484 
4 9328 4359 7361 5449 
2 999 9720 
4 8864 6673 8059 3330 
3 1469 7140 3178 
3 3860 9553 9346 
3 5208 7509 4419 
3 5950 1532 793 
2 8085 921 
3 7544 7813 2268 
2 7129 1878 
2 1932 5754 
3 7980 1848 2237 
3 1227 728 2987 
4 8152 7577 4579 5083 
4 3229 2080 586 9900 
3 7600 1683 1624 
2 4758 8786 
4 4137 7825 8079 3253 
4 5815 4495 1010 4907 
2 5014 2038 
4 7155 2243 1249 7880 
2 2231 7550 
4 2368 6377 6193 9350 
3 6711 4767 3515 
4 5451 6800 3853 5255 
2 5527 5949 
4 1157 3145 5813 7729 
4 6364 6215 6577 9397 
3 9611 5510 9846 
3 6964 4742 1400 
4 1357 8047 8367 5991 
4 8516 3944 2484 6721 
3 1814 8965 2671 
2 5281 9548 
2 1664 2279 
3 9489 1452 4787 
4 1533 9776 6228 8333 
4 8485 8063 5772 4141 
2 8570 4103 
3 2591 8084 4840 
2 1880 6850 
2 5557 5279 
4 5808 3877 6313 2572 
2 9164 4556 
4 5380 9922 6208 6681 
3 444 5523 459 
2 280 782 
2 9362 7093 
4 9390 634 2185 4875 
2 8244 8530 
3 6846 4504 899 
4 5566 9828 2399 2983 
2 6429 6156 
4 7166 11 6060 7451 
3 4188 2762 8752 
2 5870 8500 
3 7501 9272 4088 
2 781 574 
4 1259 3914 2320 4208 
4 960 6306 1584 3299 
4 7975 1318 4704 7809 
4 2506 6713 1197 2924 
3 381 3425 1132 
4 9326 1228 7875 6058 
4 6580 4847 9243 9340 
4 6700 5899 9566 5044 
3 1009 644 4653 
4 3728 7954 147 4592 
4 6123 1948 8036 723 
4 875 7041 146 8931 
3 1514 8089 4855 
3 7786 2634 7686 
3 7675 9555 733 
2 3268 428 
4 7961 7540 6611 5214 
4 1912 6578 3885 5074 
3 1961 2329 8202 
2 2393 9823 
3 6904 8502 7019 
3 7849 3402 3824 
4 4887 9864 1866 5013 
3 1488 4856 1170 
3 347 719 2216 
3 7400 8268 4669 
4 2627 3271 4151 1154 
2 7488 5859 
2 1703 6617 
4 8452 4041 9618 8814 
4 5791 2727 7202 3072 
3 5104 3078 9338 
3 2731 5189 9535 
2 1206 917 
2 1918 3144 
4 4480 4902 6927 3155 
2 8541 2664 
2 1190 9914 
4 3107 1601 8750 3969 
3 6972 3939 5157 
4 7464 7436 3978 3306 
4 5332 4361 5720 9168 
4 3694 1595 7785 7917 
4 4951 4102 446 2628 
2 61 2098 
2 1105 5694 
4 60 9649 1361 4884 
3 7018 6774 7971 
4 3795 4406 1491 8997 
3 4238 9767 7899 
3 3880 6034 5769 
3 348 2179 1928 
3 5106 9015 1538 
4 1861 4307 5155 9265 
4 820 8407 8479 59 
2 2550 1180 
3 5212 4155 9181 
2 3756 6174 
3 7014 9156 7868 
3 7273 8629 4567 
4 6903 4011 4064 5794 
3 4634 7898 415 
4 4886 3302 1203 4430 
4 6584 4100 8636 7064 
2 3008 9282 
4 7363 3558 4126 5547 
4 1205 4773 5517 5824 
2 821 2503 
2 922 6371 
4 3422 1712 5118 9896 
2 6279 1799 
2 8857 2934 
2 7606 6937 
2 2532 8220 
2 8318 5778 
2 8731 9186 
4 3542 8267 201 8332 
4 5047 3980 2702 136 
3 6761 5496 2578 
3 477 5714 8654 
4 4600 7443 5278 9802 
3 5168 7150 8900 
3 865 1809 2344 
3 4798 2785 4534 
4 6640 6170 2548 6240 
2 5699 318 
2 9323 7807 
3 6748 9710 9356 
2 3307 5023 
3 4969 9651 7616 
3 7078 7410 3902 
2 6457 1949 
2 4369 2883 
4 2061 5945 9532 7863 
2 8374 342 
4 6361 2585 2952 6396 
2 5747 9931 
4 6984 8682 1570 2125 
2 7005 2858 
2 6283 2525 
4 7196 7834 3607 6550 
2 4371 3935 
4 4639 2277 3595 1122 
2 3493 1485 
4 540 5441 7839 525 
2 4950 9724 
3 8235 1266 4501 
4 6676 6102 8297 8305 
4 8553 1742 4390 9363 
3 3280 2950 6544 
4 2245 6266 7119 916 
4 2509 8506 6171 2920 
4 2798 1406 6380 8293 
2 2789 3292 
4 4415 2573 5359 8670 
3 6127 6093 86 
4 6467 4871 2619 2944 
4 9597 2241 5058 6498 
4 9275 120 7145 3950 
2 3266 6412 
4 7050 8509 797 8253 
4 6668 9612 674 4090 
2 8784 6843 
4 6514 8578 4953 8609 
3 159 3431 7247 
2 4913 1326 
2 3821 2378 
3 9073 4482 4898 
4 8684 85 2804 1140 
2 4523 1972 
3 6432 7828 1656 
2 5635 9933 
3 7557 7320 2531 
2 5993 3727 
3 5621 8021 4804 
4 9689 5941 1636 9779 
4 1178 706 2766 7677 
3 2074 7471 9223 
4 39 7733 1593 5836 
3 6576 6963 7614 
3 8737 5558 6450 
4 3379 4565 1726 3691 
4 7671 9106 8478 9921 
2 1731 2803 
2 2172 652 
4 4573 9971 3973 6705 
2 6233 4 
3 8049 7117 3491 
4 645 1724 9048 7148 
2 6720 2485 
2 5005 1439 
4 1591 3196 47 2340 
2 6456 1230 
3 2159 6960 4942 
2 7337 7533 
3 4877 5817 462 
4 4959 8239 3997 332 
2 4633 5977 
4 6365 6628 3891 5579 
4 2165 7731 2062 5020 
2 8880 4470 
4 3945 9187 6478 9920 
2 5727 8542 
3 4279 7315 2712 
4 5378 9096 7818 7204 
2 8190 6293 
4 2456 2351 1820 7308 
4 4521 8929 7778 2783 
3 2406 8571 7743 
4 7010 656 7425 8606 
2 6021 8968 
2 203 3787 
2 6407 9954 
2 7060 7434 
4 5239 9419 1505 1522 
4 4202 7426 7876 1616 
4 6685 5875 2806 7221 
3 7233 5234 473 
4 7326 3904 5416 5251 
4 6149 3050 7152 6784 
2 6901 5045 
3 3578 757 207 
2 8924 6971 
4 8712 8160 4465 3563 
4 1117 589 9684 3188 
3 867 784 6331 
4 604 9906 5913 1729 
2 5399 5266 
4 355 6596 9173 2495 
4 4135 1423 3896 6613 
4 4235 8193 6481 6547 
2 538 6075 
3 3327 383 3313 
2 583 911 
4 8751 1073 7375 5902 
4 3149 4685 9765 1341 
4 7545 6558 2674 4917 
3 9863 796 5952 
4 6309 9214 9968 4867 
4 1233 9019 8689 5773 
3 108 2019 2852 
4 5492 6050 5324 9605 
3 9656 3841 1288 
3 3917 2781 6831 
2 7243 605 
4 9631 4790 2343 8894 
2 154 4705 
4 2536 9302 3170 4572 
4 7209 177 7344 2957 
2 2311 3394 
2 4232 6833 
3 392 8828 6864 
3 8289 4679 5628 
2 5910 7584 
3 9810 2240 4935 
3 9200 1841 8273 
4 2723 4074 4916 5310 
2 8698 8075 
2 2884 5979 
3 8675 9985 3281 
3 8353 1835 7761 
3 7721 8897 4841 
2 7574 238 
2 8960 5779 
4 8721 2282 373 5904 
4 2094 6655 8873 6459 
4 5671 7734 2467 6203 
2 452 3382 
4 7841 8652 3895 3371 
3 1335 9785 5391 
2 8797 3053 
4 4879 3011 1100 4661 
2 2170 596 
4 8468 3839 6152 8163 
4 2342 9542 3337 9196 
4 5896 5908 3559 6976 
4 1756 3697 2584 4449 
2 4724 6177 
4 689 7475 9453 9246 
3 3186 8694 3124 
4 8026 1050 1322 2267 
2 9963 7736 
4 9713 6537 6882 8167 
3 4143 9205 1993 
2 2166 4535 
3 9737 789 361 
4 270 8667 1569 4000 
4 5989 847 7927 684 
3 6586 1461 5323 
3 7532 7804 7951 
2 6635 1987 
2 7248 81 
3 5994 3449 2102 
3 5825 9172 4392 
3 2586 2418 4149 
3 6471 9201 8383 
4 3985 7558 32 590 
3 3817 5132 7087 
3 9280 2683 2412 
3 2953 7895 9446 
3 7795 3401 3265 
3 1536 78 3060 
4 2672 5355 7424 2457 
4 6627 2814 1621 18 
3 2946 9261 9877 
3 7091 2947 2227 
3 568 5268 2751 
4 10 3573 4496 290 
4 4170 8823 995 9549 
4 4292 1856 7777 6769 
4 8597 8264 1994 4381 
2 3846 4019 
3 4578 4245 9711 
2 1610 4237 
3 7608 5611 4337 
3 3849 7298 7121 
4 5529 7624 4469 1717 
3 7994 4689 4922 
3 3782 1754 1093 
2 5187 1534 
2 5051 8970 
4 3437 8010 5713 3096 
4 3480 6112 6466 1668 
3 4746 6356 5736 
4 8432 8027 7480 4708 
4 7515 9289 4983 7715 
3 9406 189 9876 
4 5368 7220 6202 7521 
4 7116 5948 4958 635 
2 5304 4845 
2 3189 6411 
3 2567 4030 5944 
2 4333 1350 
2 7590 8114 
4 1339 1768 6834 3760 
3 6446 2977 6003 
2 658 5900 
2 405 5833 
4 7569 461 6312 1556 
2 507 8045 
2 1166 9296 
3 753 4487 6581 
4 1874 2490 6731 8722 
4 9250 2293 251 3083 
2 4571 25 
4 2462 7037 8325 33 
4 4054 1963 9561 8648 
2 8406 693 
3 365 7931 2264 
3 8277 3442 9149 
3 6225 3097 7048 
2 7711 5158 
2 4461 4344 
2 986 3628 
2 9556 8272 
4 296 7678 9908 8247 
4 8601 859 213 7313 
4 7710 7368 8754 2861 
4 5981 8889 9667 8150 
4 9917 6985 7409 3842 
4 8056 9778 9751 6147 
3 3884 7423 4775 
2 7658 7688 
2 5745 7883 
4 4147 1561 2222 973 
4 9626 8947 8579 8548 
4 1965 9718 2802 7613 
2 1134 8508 
2 983 3199 
2 1045 7228 
2 9663 2324 
4 7445 7 1946 5686 
4 2545 5090 3457 4194 
2 7946 6917 
2 7992 9342 
4 1001 1260 9856 3632 
2 6533 7281 
4 3042 850 6571 3583 
3 128 2288 9158 
3 7924 1796 6161 
2 3994 6961 
2 9554 1302 
3 5397 3482 2136 
3 3893 1899 8645 
3 2754 3038 2951 
3 6674 4398 1086 
3 3543 4451 8028 
2 491 2410 
4 1359 8116 1094 5006 
3 9820 3748 9313 
2 6234 1063 
4 3029 3037 151 4857 
2 7251 4330 
2 7059 3984 
4 9283 9961 5151 1800 
2 4807 9609 
2 7833 1171 
4 9499 3718 1510 4636 
3 3370 9613 2016 
4 2819 636 1895 9614 
4 2124 9888 3825 1955 
4 4524 2776 8168 709 
3 8759 3665 8640 
3 5276 3274 3547 
2 9701 7791 
3 9570 2376 9948 
2 4034 3843 
3 3123 885 2472 
4 4351 7319 1701 8940 
4 804 1422 9382 4904 
4 7463 745 6602 4357 
3 9394 3596 2210 
3 3541 4403 199 
3 8584 8732 5725 
3 4314 3956 1527 
4 6316 4655 3940 2060 
3 5043 8229 4255 
3 1953 9855 3246 
2 7365 7965 
2 2030 9632 
4 4331 464 1708 3508 
2 5148 8955 
4 5998 7662 3808 597 
2 7276 7393 
2 1762 7292 
4 6616 9843 301 2982 
3 7850 8821 8426 
2 9749 4891 
4 5918 3176 9529 3024 
2 1237 2758 
4 4692 4089 4716 2565 
4 6583 9849 9014 3518 
2 9793 2272 
2 8144 3044 
3 22 8789 1120 
3 7274 7962 3812 
2 6654 3636 
3 3052 7674 9075 
2 6491 659 
4 7824 1552 3126 5609 
4 6196 9620 2752 9383 
4 2313 2265 3376 565 
4 1114 5651 7937 2331 
2 2330 5340 
4 9483 5570 1013 4004 
3 3324 8564 5917 
2 2447 4699 
4 5879 5962 3092 1853 
2 3213 8412 
2 5549 9204 
2 7706 5177 
2 5067 3777 
4 738 9443 1714 9895 
4 5007 9848 139 6205 
3 5316 7799 2577 
4 257 2905 1200 8834 
3 94 419 6180 
2 6077 8778 
2 9533 3922 
4 2095 4912 4965 7862 
3 6925 6693 649 
2 4911 4830 
3 937 1286 229 
2 8142 3225 
3 977 1404 2711 
2 5840 6678 
3 2898 530 6008 
2 7102 5693 
2 4734 4254 
3 1165 6353 4104 
3 4736 5834 8919 
4 1090 6366 7230 7689 
3 9540 9496 5098 
2 5883 7938 
3 4447 9771 217 
3 863 6541 769 
2 3530 8361 
3 5577 6096 8727 
2 8613 4822 
2 2138 6799 
3 9251 2328 76 
4 5919 9568 2085 1988 
3 5401 1793 1369 
3 800 6671 4508 
4 9078 5898 5170 9952 
2 319 7852 
4 3757 2726 7083 8430 
4 372 183 5721 6275 
3 7653 4488 7252 
4 5085 6016 835 5467 
4 7318 2566 9730 8714 
3 602 7859 4434 
3 1640 4097 6740 
2 9070 7264 
4 9344 4837 3475 7726 
4 9376 4786 6662 8449 
3 6699 3226 2891 
4 1256 1761 4478 4796 
4 6289 4456 737 4522 
4 834 9988 2024 5094 
4 7108 8785 5905 6255 
3 2527 9234 1377 
3 953 9036 2033 
3 8804 1167 346 
4 6129 7896 9525 8392 
3 8464 8015 2453 
3 2046 1212 6063 
2 6499 508 
4 6028 1817 4649 1740 
3 3894 5128 2694 
3 9418 467 8543 
4 8006 1609 6574 1440 
4 2809 4711 1711 5793 
4 8342 5164 3352 7374 
4 7444 2212 1851 7792 
2 8535 5853 
4 8908 825 8519 9996 
3 5019 5594 401 
2 7479 2942 
2 8395 6675 
4 463 7944 3579 1564 
3 5460 7907 3753 
3 4994 2610 7581 
4 1847 628 5839 1943 
3 3146 8996 1806 
4 5357 3629 1248 9213 
3 335 430 37 
4 8677 8702 767 7250 
2 3992 5338 
3 7800 2929 457 
3 6078 1130 3438 
3 5511 545 5770 
2 1131 5379 
4 9131 8189 8733 2395 
2 4060 603 
3 4052 24 978 
4 998 6632 7923 2489 
2 8507 4285 
3 7170 4092 3793 
3 6805 8310 7229 
3 8409 5060 7502 
3 7194 7803 5097 
3 5831 6952 2059 
2 1614 7172 
2 3639 8523 
4 55 9755 4555 6042 
3 1849 2173 1639 
3 3965 9152 5550 
4 7079 902 9151 7267 
2 6254 6420 
4 3746 9871 2006 3516 
2 2512 274 
4 7970 3724 8562 956 
2 9007 9932 
4 8697 1378 7748 6134 
4 3899 4475 7703 8233 
2 3058 435 
4 9976 7526 6637 2025 
2 1494 5183 
3 8139 2954 1744 
4 1571 6811 5776 489 
3 8918 1480 6669 
4 4933 2134 4124 9761 
4 1720 8328 5308 1037 
3 1330 6263 7663 
3 8952 4407 9294 
3 1898 9635 115 
4 7943 2592 1234 520 
4 1061 9675 4861 1767 
3 9584 8859 97 
4 9530 1023 7413 1152 
2 7929 6026 
4 5081 245 8375 4139 
3 1012 465 4502 
3 5161 6828 6990 
3 6973 5426 3539 
3 7742 5980 4826 
2 4372 2500 
4 471 7555 6726 1980 
3 4623 8766 458 
2 8494 5260 
4 6839 1164 3505 8320 
4 3356 4975 5553 8866 
3 9836 3926 1535 
3 252 1027 6944 
3 4948 9089 2011 
3 5253 8978 7096 
2 1142 9415 
4 1096 7415 7210 9691 
4 5625 8240 4106 5046 
4 6226 6666 3905 5028 
3 5233 5829 4723 
4 278 5728 6320 7103 
2 5585 8592 
2 7541 291 
4 3258 4038 4611 3736 
4 7454 5756 2854 6492 
3 848 5631 5190 
2 379 6163 
2 6334 6119 
4 4452 9221 620 5487 
4 1261 7983 4559 5418 
2 9557 5327 
4 7934 593 1743 8614 
4 6757 7696 6256 9797 
4 9946 2259 676 443 
3 6472 1546 9269 
2 118 9775 
3 2775 3873 8525 
2 9042 182 
2 311 8110 
2 2154 5029 
3 1891 6425 3147 
3 7925 2065 395 
4 7118 7764 529 9286 
4 849 5627 6436 4057 
3 7878 5741 3216 
2 2382 8282 
3 5345 1652 6692 
4 1713 9527 2736 1839 
3 9491 349 5578 
4 432 7518 8453 2612 
4 6483 8835 7391 1523 
4 4386 7796 1396 5744 
2 9819 7459 
4 6794 7249 8967 3323 
4 67 778 6842 4161 
3 7695 4544 4630 
4 2246 3869 8736 7104 
2 5430 9861 
4 2589 5796 421 5583 
3 4001 8372 3838 
4 6053 780 4731 3132 
2 8868 4440 
2 4996 8064 
2 121 1517 
3 8252 4554 9260 
4 4995 6567 4964 3257 
3 8665 5442 3334 
3 643 5972 5429 
4 6777 5136 9873 4322 
3 7387 2215 8810 
4 3228 3765 1524 2155 
4 1056 3278 2488 5593 
2 2357 8555 
3 3747 4818 5077 
4 7821 7500 1822 5245 
3 5471 9543 3888 
2 2280 1873 
2 3696 8554 
4 9182 4491 9166 6220 
4 8384 370 371 752 
4 4091 7178 9425 2912 
4 3239 1908 7984 6246 
3 3941 6002 225 
2 5697 6631 
4 5931 3142 6782 8644 
4 3811 6528 6827 359 
4 4230 6146 8172 6651 
3 2859 2629 8179 
2 7453 7830 
3 8447 8401 83 
2 3523 2656 
4 1427 3089 3526 3708 
4 6443 1015 6870 7253 
3 7964 4943 9578 
4 4870 3087 7302 3618 
4 6965 6540 6198 3704 
4 3912 8801 5939 6522 
3 4726 1403 4939 
4 1723 6022 8031 5198 
4 9456 2407 362 4228 
4 7592 1884 4514 2697 
4 2123 2203 9063 328 
3 4662 2388 3161 
3 9838 1279 4031 
3 3332 5881 4750 
3 414 9526 1127 
2 4376 2771 
2 4664 6085 
3 9140 771 1299 
3 5702 4136 3099 
2 5213 6265 
2 7636 621 
4 9143 6133 8833 8276 
2 1622 406 
2 1654 483 
3 6253 441 2012 
3 6294 8355 6727 
4 4670 6762 6935 2045 
3 1788 5663 6958 
2 3383 8098 
4 2295 1718 5207 5017 
2 422 3754 
3 7724 5732 801 
2 7712 7165 
2 8009 8462 
4 7953 8501 6 1224 
3 7036 9035 4047 
4 7262 9004 2935 3135 
4 9585 7647 6329 7215 
4 3567 711 1886 8241 
4 8258 5271 6557 931 
3 6090 7684 292 
4 8563 1372 9588 5854 
3 7110 3773 9901 
3 1870 5206 1574 
4 63 2141 6178 1830 
4 6639 2345 1671 1707 
3 6844 8180 2772 
2 7504 7011 
2 2405 4979 
2 9150 4987 
3 5400 639 7430 
4 8707 2353 3276 2571 
3 3209 287 9209 
4 53 9361 5606 236 
4 7057 3608 8932 4823 
2 3619 6040 
3 7496 2335 6104 
4 9028 9431 3121 9633 
2 2252 7067 
4 9806 6336 5096 4079 
4 264 6656 8094 6582 
4 9468 3498 8907 6076 
3 2294 3679 3263 
4 150 9165 2732 7596 
2 9229 886 
3 618 6259 8709 
3 2028 40 4328 
4 3015 7100 854 3420 
2 111 192 
3 4400 6430 4892 
2 8872 4273 
3 9745 2087 7043 
4 9650 8376 8637 7186 
4 7524 3769 9546 208 
4 7310 7095 1684 124 
4 8679 4286 3809 4339 
2 1305 7097 
4 9122 1047 204 2907 
3 6796 5171 6897 
2 5386 5809 
4 7633 9868 7461 2713 
2 6031 2928 
4 7966 2375 2875 2401 
3 6005 7565 6473 
4 2000 9325 8040 28 
2 2470 1909 
2 7427 8038 
2 1149 2900 
4 3686 2064 3499 49 
3 1313 1058 576 
4 2461 8683 1810 1825 
4 556 6531 2927 2999 
4 4467 2514 6017 7727 
2 8417 7942 
3 7349 4709 9670 
2 1006 7404 
4 7956 7090 2836 846 
4 2598 6168 2652 4619 
4 8591 2475 1115 8585 
2 7921 2010 
4 5427 3715 7201 8437 
2 2899 8001 
3 6852 4596 6835 
2 1937 1696 
4 4093 6988 5615 6932 
3 2169 2469 2956 
2 5210 8136 
2 3361 7514 
2 5010 3963 
2 8635 8159 
3 3353 1495 5534 
3 4713 1865 739 
3 279 425 9582 
4 1101 8865 4788 1004 
2 3208 4290 

