3
5
6
7
10
12
13
14
17
19
20
21
24
26
27
28
31
33
34
35
38
40
41
42
45
47
48
49
52
54
55
56
59
61
62
63
66
68
69
70
73
75
76
77
80
82
83
84
87
89
90
91
94
96
97
98
101
103
104
105
108
110
111
112
115
117
118
119
122
124
125
126
129
131
132
133
136
138
139
140
143
145
146
147
150
152
153
154
157
159
160
161
164
166
167
168
171
173
174
175
178
180
181
182
185
187
188
189
192
194
195
196
199
201
202
203
206
208
209
210
213
215
216
217
220
222
223
224
227
229
230
231
234
236
237
238
241
243
244
245
248
250
251
252
255
257
258
259
262
264
265
266
269
271
272
273
276
278
279
280
283
285
286
287
290
292
293
294
297
299
300
301
304
306
307
308
311
313
314
315
318
320
321
322
325
327
328
329
332
334
335
336
339
341
342
343
346
348
349
350
353
355
356
357
360
362
363
364
367
369
370
371
374
376
377
378
381
383
384
385
388
390
391
392
395
397
398
399
402
404
405
406
409
411
412
413
416
418
419
420
423
425
426
427
430
432
433
434
437
439
440
441
444
446
447
448
451
453
454
455
458
460
461
462
465
467
468
469
472
474
475
476
479
481
482
483
486
488
489
490
493
495
496
497
500
502
503
504
507
509
510
511
514
516
517
518
521
523
524
525
528
530
531
532
535
537
538
539
542
544
545
546
549
551
552
553
556
558
559
560
563
565
566
567
570
572
573
574
577
579
580
581
584
586
587
588
591
593
594
595
598
600
601
602
605
607
608
609
612
614
615
616
619
621
622
623
626
628
629
630
633
635
636
637
640
642
643
644
647
649
650
651
654
656
657
658
661
663
664
665
668
670
671
672
675
677
678
679
682
684
685
686
689
691
692
693
696
698
699
700
703
705
706
707
710
712
713
714
717
719
720
721
724
726
727
728
731
733
734
735
738
740
741
742
745
747
748
749
752
754
755
756
759
761
762
763
766
768
769
770
773
775
776
777
780
782
783
784
787
789
790
791
794
796
797
798
801
803
804
805
808
810
811
812
815
817
818
819
822
824
825
826
829
831
832
833
836
838
839
840
843
845
846
847
850
852
853
854
857
859
860
861
864
866
867
868
871
873
874
875
878
880
881
882
885
887
888
889
892
894
895
896
899
901
902
903
906
908
909
910
913
915
916
917
920
922
923
924
927
929
930
931
934
936
937
938
941
943
944
945
948
950
951
952
955
957
958
959
962
964
965
966
969
971
972
973
976
978
979
980
983
985
986
987
990
992
993
994
997
999
1000
